[50, 0, 22, 16, 0, 0, 176, 0, 255, 192, 20, 7, 2, 130, 36, 0, 145, 130, 37, 1, 71, 206, 51, 52]
[50, 0, 61, 16, 0, 0, 176, 0, 255, 192, 20, 9, 13, 130, 63, 0, 200, 128, 141, 0, 128, 1, 1, 130, 72, 0, 1, 130, 73, 0, 255, 128, 3, 2, 132, 4, 4, 128, 2, 66, 130, 68, 0, 0, 130, 71, 0, 255, 128, 97, 255, 128, 98, 0, 128, 117, 255, 128, 94, 1, 246, 56, 52]
[50, 0, 22, 16, 0, 0, 176, 0, 255, 192, 20, 10, 2, 130, 36, 0, 146, 130, 37, 1, 72, 89, 53, 52]
[50, 0, 18, 16, 0, 0, 176, 0, 255, 192, 20, 12, 1, 130, 37, 1, 74, 231, 160, 52]
[50, 0, 48, 16, 0, 0, 176, 0, 255, 192, 20, 14, 9, 130, 51, 0, 103, 130, 152, 0, 0, 130, 168, 0, 103, 130, 169, 0, 103, 130, 170, 0, 0, 128, 63, 0, 130, 67, 0, 0, 130, 53, 0, 0, 128, 191, 0, 227, 69, 52]
[50, 0, 17, 16, 0, 0, 176, 0, 255, 192, 20, 15, 1, 128, 49, 0, 191, 215, 52]
[50, 0, 26, 16, 0, 0, 176, 0, 255, 192, 20, 16, 2, 132, 19, 0, 0, 6, 93, 132, 20, 0, 59, 6, 71, 207, 97, 52]
[50, 0, 22, 16, 0, 0, 176, 0, 255, 192, 20, 17, 2, 130, 36, 0, 147, 130, 37, 1, 75, 172, 21, 52]
[50, 0, 61, 16, 0, 0, 176, 0, 255, 192, 20, 19, 13, 130, 63, 0, 200, 128, 141, 0, 128, 1, 1, 130, 72, 0, 1, 130, 73, 0, 255, 128, 3, 2, 132, 4, 4, 128, 2, 66, 130, 68, 0, 0, 130, 71, 0, 255, 128, 97, 255, 128, 98, 0, 128, 117, 255, 128, 94, 1, 64, 127, 52]
[50, 0, 18, 16, 0, 0, 176, 0, 255, 192, 20, 20, 1, 130, 37, 1, 76, 144, 160, 52]
[50, 0, 18, 16, 0, 0, 176, 0, 255, 192, 20, 22, 1, 130, 37, 1, 77, 11, 193, 52]