[50, 0, 18, 16, 0, 0, 176, 0, 255, 192, 20, 253, 1, 130, 37, 1, 66, 178, 180, 52]
[50, 0, 61, 16, 0, 0, 176, 0, 255, 192, 20, 255, 13, 130, 63, 0, 200, 128, 141, 0, 128, 1, 1, 130, 72, 0, 1, 130, 73, 0, 255, 128, 3, 2, 132, 4, 4, 128, 2, 64, 130, 68, 0, 0, 130, 71, 0, 255, 128, 97, 255, 128, 98, 0, 128, 117, 255, 128, 94, 1, 222, 5, 52]
[50, 0, 22, 16, 0, 0, 176, 0, 255, 192, 20, 0, 2, 130, 36, 0, 145, 130, 37, 1, 68, 226, 170, 52]
[50, 0, 22, 16, 0, 0, 176, 0, 255, 192, 20, 2, 2, 130, 36, 0, 143, 130, 37, 1, 69, 231, 243, 52]
[50, 0, 48, 16, 0, 0, 176, 0, 255, 192, 20, 4, 9, 130, 51, 0, 103, 130, 152, 0, 0, 130, 168, 0, 103, 130, 169, 0, 103, 130, 170, 0, 0, 128, 63, 0, 130, 67, 0, 0, 130, 53, 0, 0, 128, 191, 0, 235, 238, 52]
[50, 0, 17, 16, 0, 0, 176, 0, 255, 192, 20, 5, 1, 128, 49, 0, 249, 121, 52]
[50, 0, 22, 16, 0, 0, 176, 0, 255, 192, 20, 7, 2, 130, 36, 0, 145, 130, 37, 1, 71, 206, 51, 52]
[50, 0, 61, 16, 0, 0, 176, 0, 255, 192, 20, 9, 13, 130, 63, 0, 200, 128, 141, 0, 128, 1, 1, 130, 72, 0, 1, 130, 73, 0, 255, 128, 3, 2, 132, 4, 4, 128, 2, 66, 130, 68, 0, 0, 130, 71, 0, 255, 128, 97, 255, 128, 98, 0, 128, 117, 255, 128, 94, 1, 246, 56, 52]
[50, 0, 22, 16, 0, 0, 176, 0, 255, 192, 20, 10, 2, 130, 36, 0, 146, 130, 37, 1, 72, 89, 53, 52]
[50, 0, 18, 16, 0, 0, 176, 0, 255, 192, 20, 12, 1, 130, 37, 1, 74, 231, 160, 52]
[50, 0, 48, 16, 0, 0, 176, 0, 255, 192, 20, 14, 9, 130, 51, 0, 103, 130, 152, 0, 0, 130, 168, 0, 103, 130, 169, 0, 103, 130, 170, 0, 0, 128, 63, 0, 130, 67, 0, 0, 130, 53, 0, 0, 128, 191, 0, 227, 69, 52]
[50, 0, 17, 16, 0, 0, 176, 0, 255, 192, 20, 15, 1, 128, 49, 0, 191, 215, 52]
[50, 0, 26, 16, 0, 0, 176, 0, 255, 192, 20, 16, 2, 132, 19, 0, 0, 6, 93, 132, 20, 0, 59, 6, 71, 207, 97, 52]
[50, 0, 22, 16, 0, 0, 176, 0, 255, 192, 20, 17, 2, 130, 36, 0, 147, 130, 37, 1, 75, 172, 21, 52]
[50, 0, 61, 16, 0, 0, 176, 0, 255, 192, 20, 19, 13, 130, 63, 0, 200, 128, 141, 0, 128, 1, 1, 130, 72, 0, 1, 130, 73, 0, 255, 128, 3, 2, 132, 4, 4, 128, 2, 66, 130, 68, 0, 0, 130, 71, 0, 255, 128, 97, 255, 128, 98, 0, 128, 117, 255, 128, 94, 1, 64, 127, 52]
[50, 0, 18, 16, 0, 0, 176, 0, 255, 192, 20, 20, 1, 130, 37, 1, 76, 144, 160, 52]
[50, 0, 18, 16, 0, 0, 176, 0, 255, 192, 20, 22, 1, 130, 37, 1, 77, 11, 193, 52]
[50, 0, 48, 16, 0, 0, 176, 0, 255, 192, 20, 24, 9, 130, 51, 0, 103, 130, 152, 0, 0, 130, 168, 0, 103, 130, 169, 0, 103, 130, 170, 0, 0, 128, 63, 0, 130, 67, 0, 0, 130, 53, 0, 0, 128, 191, 0, 160, 145, 52]
[50, 0, 17, 16, 0, 0, 176, 0, 255, 192, 20, 25, 1, 128, 49, 0, 118, 8, 52]
[50, 0, 60, 16, 0, 0, 176, 0, 255, 192, 20, 27, 13, 2, 2, 255, 255, 4, 16, 0, 0, 0, 0, 4, 27, 0, 32, 255, 255, 128, 0, 0, 128, 5, 255, 128, 23, 0, 128, 25, 0, 128, 26, 0, 128, 33, 1, 128, 50, 1, 128, 51, 2, 128, 60, 0, 128, 69, 0, 63, 195, 52]
[50, 0, 62, 16, 0, 0, 176, 0, 255, 192, 20, 28, 16, 128, 99, 1, 128, 102, 0, 128, 119, 0, 128, 120, 2, 128, 121, 0, 128, 122, 0, 128, 123, 0, 128, 124, 0, 128, 125, 0, 128, 126, 0, 128, 127, 255, 128, 131, 0, 128, 142, 255, 128, 169, 0, 128, 175, 0, 128, 177, 0, 145, 101, 52]
[50, 0, 60, 16, 0, 0, 176, 0, 255, 192, 20, 29, 12, 128, 206, 0, 128, 215, 0, 130, 4, 255, 236, 130, 6, 0, 200, 130, 8, 0, 61, 130, 10, 1, 195, 130, 23, 0, 26, 130, 24, 255, 221, 130, 26, 255, 213, 130, 28, 1, 17, 130, 30, 0, 20, 130, 32, 0, 153, 212, 254, 52]
[50, 0, 62, 16, 0, 0, 176, 0, 255, 192, 20, 30, 12, 130, 36, 0, 149, 130, 37, 1, 79, 130, 38, 0, 27, 130, 41, 1, 124, 130, 46, 0, 0, 130, 49, 0, 100, 130, 52]
[50, 0, 62, 16, 0, 0, 176, 0, 255, 192, 20, 31, 12, 130, 68, 0, 0, 130, 69, 0, 255, 130, 72, 0, 1, 130, 84, 1, 104, 130, 90, 255, 255, 130, 91, 0, 0, 130, 92, 0, 3, 130, 93, 0, 0, 130, 120, 0, 100, 130, 122, 0, 150, 130, 128, 1, 220, 130, 154, 3, 172, 114, 14, 52]
[50, 0, 62, 16, 0, 0, 176, 0, 255, 192, 20, 32, 12, 130, 24, 255, 220, 130, 36, 0, 150, 130, 37, 1, 80, 130, 128, 1, 222, 130, 159, 1, 70, 130, 160, 255, 210, 130, 178, 0, 150, 130, 181, 0, 0, 130, 184, 0, 0, 130, 188, 0, 0, 130, 209, 255, 255, 130, 222, 1, 17, 71, 134, 52]
[50, 0, 60, 16, 0, 0, 176, 0, 255, 192, 20, 33, 10, 130, 223, 1, 32, 130, 224, 1, 71, 130, 227, 0, 120, 130, 232, 0, 0, 130, 237, 1, 149, 130, 246, 0, 20, 130, 252, 0, 0, 132, 8, 0, 0, 0, 16, 132, 11, 0, 0, 0, 0, 132, 12, 0, 0, 0, 0, 214, 94, 52]
[50, 0, 24, 16, 0, 0, 176, 0, 255, 192, 20, 34, 2, 130, 61, 2, 68, 132, 26, 0, 1, 0, 0, 72, 104, 52]
[50, 0, 61, 16, 0, 0, 176, 0, 255, 192, 20, 36, 13, 130, 63, 0, 200, 128, 141, 0, 128, 1, 1, 130, 72, 0, 1, 130, 73, 0, 255, 128, 3, 2, 132, 4, 4, 128, 2, 2, 130, 68, 0, 0, 130, 71, 0, 255, 128, 97, 255, 128, 98, 0, 128, 117, 255, 128, 94, 1, 240, 43, 52]
[50, 0, 22, 16, 0, 0, 176, 0, 255, 192, 20, 37, 2, 130, 36, 0, 152, 130, 37, 1, 81, 243, 63, 52]
[50, 0, 48, 16, 0, 0, 176, 0, 255, 192, 20, 39, 9, 130, 51, 0, 103, 130, 152, 0, 0, 130, 168, 0, 103, 130, 169, 0, 103, 130, 170, 0, 0, 128, 63, 0, 130, 67, 0, 0, 130, 53, 0, 0, 128, 191, 0, 232, 168, 52]
[50, 0, 17, 16, 0, 0, 176, 0, 255, 192, 20, 40, 1, 128, 49, 0, 208, 183, 52]
[50, 0, 18, 16, 0, 0, 176, 0, 255, 192, 20, 42, 1, 130, 36, 0, 154, 144, 53, 52]
[50, 0, 22, 16, 0, 0, 176, 0, 255, 192, 20, 44, 2, 130, 36, 0, 155, 130, 37, 1, 82, 8, 128, 52]
[50, 0, 61, 16, 0, 0, 176, 0, 255, 192, 20, 46, 13, 130, 63, 0, 200, 128, 141, 0, 128, 1, 1, 130, 72, 0, 2, 130, 73, 0, 255, 128, 3, 2, 132, 4, 4, 128, 2, 2, 130, 68, 0, 0, 130, 71, 0, 255, 128, 97, 255, 128, 98, 0, 128, 117, 255, 128, 94, 1, 149, 9, 52]
[50, 0, 22, 16, 0, 0, 176, 0, 255, 192, 20, 47, 2, 130, 36, 0, 153, 130, 37, 1, 84, 157, 10, 52]
[50, 0, 48, 16, 0, 0, 176, 0, 255, 192, 20, 49, 9, 130, 51, 0, 103, 130, 152, 0, 0, 130, 168, 0, 103, 130, 169, 0, 103, 130, 170, 0, 0, 128, 63, 0, 130, 67, 0, 0, 130, 53, 0, 0, 128, 191, 0, 171, 124, 52]
[50, 0, 17, 16, 0, 0, 176, 0, 255, 192, 20, 50, 1, 128, 49, 0, 146, 67, 52]
[50, 0, 18, 16, 0, 0, 176, 0, 255, 192, 20, 52]
[50, 0, 22, 16, 0, 0, 176, 0, 255, 192, 20, 54, 2, 130, 36, 0, 157, 130, 37, 1, 85, 181, 181, 52]
[50, 0, 61, 16, 0, 0, 176, 0, 255, 192, 20, 56, 13, 130, 63, 0, 200, 128, 141, 0, 128, 1, 1, 130, 72, 0, 2, 130, 73, 0, 255, 128, 3, 2, 132, 4, 4, 128, 2, 2, 130, 68, 0, 0, 130, 71, 0, 255, 128, 97, 255, 128, 98, 0, 128, 117, 255, 128, 94, 1, 77, 25, 52]
[50, 0, 18, 16, 0, 0, 176, 0, 255, 192, 20, 57, 1, 130, 36, 0, 158, 4, 213, 52]
[50, 0, 48, 16, 0, 0, 176, 0, 255, 192, 20, 59, 9, 130, 51, 0, 103, 130, 152, 0, 0, 130, 168, 0, 103, 130, 169, 0, 103, 130, 170, 0, 0, 128, 63, 0, 130, 67, 0, 0, 130, 53, 0, 0, 128, 191, 0, 163, 215, 52]
[50, 0, 17, 16, 0, 0, 176, 0, 255, 192, 20, 60, 1, 128, 49, 0, 93, 235, 52]
[50, 0, 18, 16, 0, 0, 176, 0, 255, 192, 20, 62, 1, 130, 37, 1, 86, 144, 209, 52]
[50, 0, 18, 16, 0, 0, 176, 0, 255, 192, 20, 64, 1, 130, 36, 0, 160, 222, 54, 52]
[50, 0, 61, 16, 0, 0, 176, 0, 255, 192, 20, 66, 13, 130, 63, 0, 200, 128, 141, 0, 128, 1, 1, 130, 72, 0, 2, 130, 73, 0, 255, 128, 3, 2, 132, 4, 4, 128, 2, 2, 130, 68, 0, 0, 130, 71, 0, 255, 128, 97, 255, 128, 98, 0, 128, 117, 255, 128, 94, 1, 185, 133, 52]
[50, 0, 60, 16, 0, 0, 176, 0, 255, 192, 20, 67, 13, 2, 2, 255, 255, 4, 16, 0, 0, 0, 0, 4, 27, 0, 32, 255, 255, 128, 0, 0, 128, 5, 255, 128, 23, 0, 128, 25, 0, 128, 26, 0, 128, 33, 1, 128, 50, 255, 128, 51, 0, 128, 60, 0, 128, 69, 0, 26, 9, 52]
[50, 0, 62, 16, 0, 0, 176, 0, 255, 192, 20, 68, 16, 128, 99, 1, 128, 102, 0, 128, 119, 0, 128, 120, 0, 128, 121, 0, 128, 122, 0, 128, 123, 0, 128, 124, 0, 128, 125, 0, 128, 126, 0, 128, 127, 255, 128, 131, 0, 128, 142, 255, 128, 169, 0, 128, 175, 0, 128, 177, 0, 16, 39, 52]
[50, 0, 60, 16, 0, 0, 176, 0, 255, 192, 20, 69, 12, 128, 206, 0, 128, 215, 0, 130, 4, 255, 236, 130, 6, 0, 202, 130, 8, 0, 61, 130, 10, 1, 199, 130, 23, 0, 26, 130, 24, 255, 218, 130, 26, 255, 211, 130, 28, 1, 26, 130, 30, 0, 17, 130, 32, 0, 157, 4, 83, 52]
[50, 0, 62, 16, 0, 0, 176, 0, 255, 192, 20, 70, 12, 130, 36, 0, 158, 130, 37, 1, 86, 130, 38, 0, 27, 130, 41, 1, 124, 130, 46, 0, 0, 130, 49, 0, 100, 130, 52]
[50, 0, 62, 16, 0, 0, 176, 0, 255, 192, 20, 71, 12, 130, 68, 0, 0, 130, 69, 0, 255, 130, 72, 0, 2, 130, 84, 1, 124, 130, 90, 255, 255, 130, 91, 0, 0, 130, 92, 0, 3, 130, 93, 0, 0, 130, 120, 0, 100, 130, 122, 0, 158, 130, 128, 1, 232, 130, 154, 3, 172, 224, 234, 52]
[50, 0, 62, 16, 0, 0, 176, 0, 255, 192, 20, 72, 12, 130, 159, 1, 74, 130, 160, 255, 210, 130, 178, 0, 158, 130, 181, 0, 0, 130, 184, 0, 0, 130, 188, 0, 0, 130, 209, 255, 255, 130, 222, 1, 26, 130, 223, 1, 32, 130, 224, 1, 76, 130, 227, 0, 120, 130, 232, 0, 0, 151, 93, 52]
[50, 0, 58, 16, 0, 0, 176, 0, 255, 192, 20, 73, 9, 130, 128, 1, 234, 130, 224, 1, 77, 130, 237, 1, 149, 130, 246, 0, 20, 130, 252, 0, 0, 132, 8, 0, 0, 0, 16, 132, 11, 0, 0, 0, 0, 132, 12, 0, 0, 0, 0, 132, 26, 0, 1, 0, 0, 76, 50, 52]
[50, 0, 18, 16, 0, 0, 176, 0, 255, 192, 20, 74, 1, 130, 36, 0, 160, 88, 52]
[50, 0, 48, 16, 0, 0, 176, 0, 255, 192, 20, 76, 9, 130, 51, 0, 103, 130, 152, 0, 0, 130, 168, 0, 103, 130, 169, 0, 103, 130, 170, 0, 0, 128, 63, 0, 130, 67, 0, 0, 130, 53, 0, 0, 128, 191, 0, 64, 205, 52]
[50, 0, 17, 16, 0, 0, 176, 0, 255, 192, 20, 77, 1, 128, 49, 0, 234, 60, 52]
[50, 0, 22, 16, 0, 0, 176, 0, 255, 192, 20, 79, 2, 130, 36, 0, 161, 130, 37, 1, 87, 232, 189, 52]
[50, 0, 61, 16, 0, 0, 176, 0, 255, 192, 20, 81, 13, 130, 63, 0, 200, 128, 141, 0, 128, 1, 1, 130, 72, 0, 2, 130, 73, 0, 255, 128, 3, 2, 132, 4, 4, 128, 2, 2, 130, 68, 0, 0, 130, 71, 0, 255, 128, 97, 255, 128, 98, 0, 128, 117, 255, 128, 94, 1, 9, 35, 52]
[50, 0, 18, 16, 0, 0, 176, 0, 255, 192, 20, 82, 1, 130, 36, 0, 163, 127, 145, 52]
[50, 0, 18, 16, 0, 0, 176, 0, 255, 192, 20, 84, 1, 130, 37, 1, 89, 184, 36, 52]
[50, 0, 48, 16, 0, 0, 176, 0, 255, 192, 20, 86, 9, 130, 51, 0, 103, 130, 152, 0, 0, 130, 168, 0, 103, 130, 169, 0, 103, 130, 170, 0, 0, 128, 63, 0, 130, 67, 0, 0, 130, 53, 0, 0, 128, 191, 0, 252, 52]
[50, 0, 17, 16, 0, 0, 176, 0, 255, 192, 20, 87, 1, 128, 49, 0, 168, 200, 52]
[50, 0, 61, 16, 0, 0, 176, 0, 255, 192, 20, 90, 13, 130, 63, 0, 200, 128, 141, 0, 128, 1, 1, 130, 72, 0, 2, 130, 73, 0, 255, 128, 3, 2, 132, 4, 4, 128, 2, 2, 130, 68, 0, 0, 130, 71, 0, 255, 128, 97, 255, 128, 98, 0, 128, 117, 255, 128, 94, 1, 101, 43, 52]
[50, 0, 18, 16, 0, 0, 176, 0, 255, 192, 20, 91, 1, 130, 36, 0, 165, 87, 181, 52]
[50, 0, 62, 32, 0, 0, 179, 0, 255, 192, 20, 246, 12, 66, 3, 0, 200, 66, 4, 1, 57, 66, 5, 1, 26, 66, 6, 254, 12, 66, 12, 255, 236, 66, 23, 0, 0, 66, 54, 1, 32, 66, 55, 1, 34, 66, 56, 1, 77, 66, 57, 254, 12, 66, 62, 255, 255, 66, 127, 1, 99, 20, 220, 52]
[50, 0, 56, 32, 0, 0, 179, 0, 255, 192, 20, 247, 9, 66, 140, 254, 12, 66, 212, 254, 12, 66, 216, 254, 12, 66, 217, 254, 12, 66, 232, 0, 137, 66, 233, 0, 182, 68, 1, 0, 0, 0, 193, 68, 38, 0, 0, 9, 118, 68, 39, 0, 222, 167, 7, 48, 246, 52]
[50, 0, 18, 16, 0, 0, 176, 0, 255, 192, 20, 93, 1, 130, 36, 0, 166, 234, 55, 52]
[50, 0, 48, 16, 0, 0, 176, 0, 255, 192, 20, 95, 9, 130, 51, 0, 103, 130, 152, 0, 0, 130, 168, 0, 103, 130, 169, 0, 103, 130, 170, 0, 0, 128, 63, 0, 130, 67, 0, 0, 130, 53, 0, 0, 128, 191, 0, 143, 92, 52]
[50, 0, 17, 16, 0, 0, 176, 0, 255, 192, 20, 96, 1, 128, 49, 0, 195, 242, 52]
[50, 0, 61, 16, 0, 0, 176, 0, 255, 192, 20, 99, 13, 130, 63, 0, 200, 128, 141, 0, 128, 1, 1, 130, 72, 0, 2, 130, 73, 0, 255, 128, 3, 2, 132, 4, 4, 128, 2, 2, 130, 68, 0, 0, 130, 71, 0, 255, 128, 97, 255, 128, 98, 0, 128, 117, 255, 128, 94, 1, 202, 183, 52]
[50, 0, 18, 16, 0, 0, 176, 0, 255, 192, 20, 100, 1, 130, 36, 0, 168, 108, 151, 52]
[50, 0, 48, 16, 0, 0, 176, 0, 255, 192, 20, 103, 9, 130, 51, 0, 103, 130, 152, 0, 0, 130, 168, 0, 103, 130, 169, 0, 103, 130, 170, 0, 0, 128, 63, 0, 130, 67, 0, 0, 130, 53, 0, 0, 128, 191, 0, 25, 162, 52]
[50, 0, 17, 16, 0, 0, 176, 0, 255, 192, 20, 104, 1, 128, 49, 0, 193, 223, 52]
[50, 0, 60, 16, 0, 0, 176, 0, 255, 192, 20, 106, 13, 2, 2, 255, 255, 4, 16, 0, 0, 0, 0, 4, 27, 0, 32, 255, 255, 128, 0, 0, 128, 5, 255, 128, 23, 0, 128, 25, 0, 128, 26, 0, 128, 33, 1, 128, 50, 255, 128, 51, 0, 128, 60, 0, 128, 69, 0, 72, 187, 52]
[50, 0, 62, 16, 0, 0, 176, 0, 255, 192, 20, 107, 16, 128, 99, 1, 128, 102, 0, 128, 119, 0, 128, 120, 0, 128, 121, 0, 128, 122, 0, 128, 123, 0, 128, 124, 0, 128, 125, 0, 128, 126, 0, 128, 127, 255, 128, 131, 0, 128, 142, 255, 128, 169, 0, 128, 175, 0, 128, 177, 0, 146, 87, 52]
[50, 0, 60, 16, 0, 0, 176, 0, 255, 192, 20, 108, 12, 128, 206, 0, 128, 215, 0, 130, 4, 255, 236, 130, 6, 0, 202, 130, 8, 0, 61, 130, 10, 1, 199, 130, 23, 0, 27, 130, 24, 255, 217, 130, 26, 255, 210, 130, 28, 1, 32, 130, 30, 0, 15, 130, 32, 0, 160, 192, 196, 52]
[50, 0, 62, 16, 0, 0, 176, 0, 255, 192, 20, 109, 12, 130, 36, 0, 170, 130, 37, 1, 90, 130, 38, 0, 27, 130, 41, 1, 124, 130, 46, 0, 0, 130, 49, 0, 100, 130, 52]
[50, 0, 62, 16, 0, 0, 176, 0, 255, 192, 20, 110, 12, 130, 68, 0, 0, 130, 69, 0, 255, 130, 72, 0, 2, 130, 84, 1, 124, 130, 90, 255, 255, 130, 91, 0, 0, 130, 92, 0, 3, 130, 93, 0, 0, 130, 120, 0, 110, 130, 122, 0, 170, 130, 128, 1, 244, 130, 154, 3, 172, 105, 174, 52]
[50, 0, 62, 16, 0, 0, 176, 0, 255, 192, 20, 111, 12, 130, 61, 2, 78, 130, 159, 1, 74, 130, 160, 255, 210, 130, 178, 0, 170, 130, 181, 0, 0, 130, 184, 0, 0, 130, 188, 0, 0, 130, 209, 255, 255, 130, 222, 1, 32, 130, 223, 1, 32, 130, 224, 1, 80, 130, 227, 0, 120, 28, 148, 52]
[50, 0, 54, 16, 0, 0, 176, 0, 255, 192, 20, 112, 8, 130, 232, 0, 0, 130, 237, 1, 149, 130, 246, 0, 20, 130, 252, 0, 0, 132, 8, 0, 0, 0, 16, 132, 11, 0, 0, 0, 0, 132, 12, 0, 0, 0, 0, 132, 26, 0, 1, 0, 0, 158, 143, 52]
[50, 0, 26, 16, 0, 0, 176, 0, 255, 192, 20, 113, 3, 130, 28, 1, 34, 130, 30, 0, 14, 130, 120, 0, 100, 100, 61, 52]
[50, 0, 61, 16, 0, 0, 176, 0, 255, 192, 20, 115, 13, 130, 63, 0, 200, 128, 141, 0, 128, 1, 1, 130, 72, 0, 2, 130, 73, 0, 255, 128, 3, 2, 132, 4, 4, 128, 2, 2, 130, 68, 0, 0, 130, 71, 0, 255, 128, 97, 255, 128, 98, 0, 128, 117, 255, 128, 94, 1, 173, 156, 52]
[50, 0, 48, 16, 0, 0, 176, 0, 255, 192, 20, 117, 9, 130, 51, 0, 103, 130, 152, 0, 0, 130, 168, 0, 103, 130, 169, 0, 103, 130, 170, 0, 0, 128, 63, 0, 130, 67, 0, 0, 130, 53, 0, 0, 128, 191, 0, 255, 114, 52]
[50, 0, 17, 16, 0, 0, 176, 0, 255, 192, 20, 118, 1, 128, 49, 0, 10, 45, 52]
[50, 0, 18, 16, 0, 0, 176, 0, 255, 192, 20, 120, 1, 130, 36, 0, 171, 77, 147, 52]
[50, 0, 18, 16, 0, 0, 176, 0, 255, 192, 20, 122, 1, 130, 36, 0, 172, 182, 52]
[50, 0, 61, 16, 0, 0, 176, 0, 255, 192, 20, 124, 13, 130, 63, 0, 200, 128, 141, 0, 128, 1, 1, 130, 72, 0, 2, 130, 73, 0, 255, 128, 3, 2, 132, 4, 4, 128, 2, 2, 130, 68, 0, 0, 130, 71, 0, 255, 128, 97, 255, 128, 98, 0, 128, 117, 255, 128, 94, 1, 20, 70, 52]
[50, 0, 48, 16, 0, 0, 176, 0, 255, 192, 20, 126, 9, 130, 51, 0, 103, 130, 152, 0, 0, 130, 168, 0, 103, 130, 169, 0, 103, 130, 170, 0, 0, 128, 63, 0, 130, 67, 0, 0, 130, 53, 0, 0, 128, 191, 0, 222, 152, 52]
[50, 0, 17, 16, 0, 0, 176, 0, 255, 192, 20, 127, 1, 128, 49, 0, 162, 81, 52]
[50, 0, 26, 16, 0, 0, 176, 0, 255, 192, 20, 128, 2, 132, 19, 0, 0, 6, 93, 132, 20, 0, 59, 6, 71, 94, 232, 52]
[50, 0, 18, 16, 0, 0, 176, 0, 255, 192, 20, 130, 1, 130, 36, 0, 173, 58, 235, 52]
[50, 0, 61, 16, 0, 0, 176, 0, 255, 192, 20, 132, 13, 130, 63, 0, 200, 128, 141, 0, 128, 1, 1, 130, 72, 0, 2, 130, 73, 0, 255, 128, 3, 2, 132, 4, 4, 128, 2, 2, 130, 68, 0, 0, 130, 71, 0, 255, 128, 97, 255, 128, 98, 0, 128, 117, 255, 128, 94, 1, 131, 8, 52]
[50, 0, 22, 16, 0, 0, 176, 0, 255, 192, 20, 133, 2, 130, 36, 0, 175, 130, 37, 1, 91, 228, 118, 52]
[50, 0, 48, 16, 0, 0, 176, 0, 255, 192, 20, 135, 9, 130, 51, 0, 103, 130, 152, 0, 0, 130, 168, 0, 103, 130, 169, 0, 103, 130, 170, 0, 0, 128, 63, 0, 130, 67, 0, 0, 130, 53, 0, 0, 128, 191, 0, 98, 24, 52]
[50, 0, 17, 16, 0, 0, 176, 0, 255, 192, 20, 136, 1, 128, 49, 0, 250, 211, 52]
[50, 0, 61, 16, 0, 0, 176, 0, 255, 192, 20, 140, 13, 130, 63, 0, 200, 128, 141, 0, 128, 1, 1, 130, 72, 0, 2, 130, 73, 0, 255, 128, 3, 2, 132, 4, 4, 128, 2, 2, 130, 68, 0, 0, 130, 71, 0, 255, 128, 97, 255, 128, 98, 0, 128, 117, 255, 128, 94, 1, 56, 141, 52]
[50, 0, 62, 16, 0, 0, 176, 0, 255, 192, 20, 141, 11, 2, 2, 255, 255, 2, 7, 0, 1, 4, 16, 0, 0, 0, 0, 4, 27, 0, 32, 255, 255, 34, 247, 0, 17, 34, 249, 0, 0, 34, 250, 0, 0, 34, 251, 0, 97, 34, 252, 5, 25, 34, 253, 0, 0, 34, 254, 0, 9, 14, 191, 52]
[50, 0, 60, 16, 0, 0, 176, 0, 255, 192, 20, 142, 11, 34, 255, 0, 3, 36, 0, 255, 2, 255, 255, 36, 1, 0, 1, 0, 0, 36, 251, 0, 0, 0, 0, 36, 252, 0, 0, 1, 167, 64, 227, 255, 128, 0, 0, 128, 5, 255, 128, 23, 0, 128, 25, 0, 128, 26, 0, 33, 147, 52]
[50, 0, 62, 16, 0, 0, 176, 0, 255, 192, 20, 143, 16, 128, 33, 1, 128, 50, 255, 128, 51, 0, 128, 60, 0, 128, 69, 0, 128, 72, 0, 128, 99, 1, 128, 102, 0, 128, 119, 0, 128, 120, 0, 128, 121, 0, 128, 122, 0, 128, 123, 0, 128, 124, 0, 128, 125, 0, 128, 126, 0, 104, 240, 52]
[50, 0, 62, 16, 0, 0, 176, 0, 255, 192, 20, 144, 16, 128, 127, 255, 128, 129, 0, 128, 131, 0, 128, 142, 255, 128, 156, 0, 128, 157, 0, 128, 167, 0, 128, 169, 0, 128, 170, 1, 128, 175, 0, 128, 177, 0, 128, 182, 1, 128, 188, 0, 128, 206, 0, 128, 215, 0, 128, 216, 1, 161, 90, 52]
[50, 0, 62, 16, 0, 0, 176, 0, 255, 192, 20, 145, 12, 130, 0, 0, 0, 130, 4, 255, 236, 130, 6, 0, 202, 130, 8, 0, 61, 130, 10, 1, 197, 130, 23, 0, 27, 130, 24, 255, 216, 130, 26, 255, 210, 130, 28, 1, 39, 130, 30, 0, 12, 130, 32, 0, 163, 130, 36, 0, 176, 236, 149, 52]
[50, 0, 62, 16, 0, 0, 176, 0, 255, 192, 20, 146, 12, 130, 37, 1, 91, 130, 38, 0, 27, 130, 41, 1, 124, 130, 46, 0, 0, 130, 49, 0, 100, 130, 52]
[50, 0, 62, 16, 0, 0, 176, 0, 255, 192, 20, 147, 12, 130, 69, 0, 255, 130, 72, 0, 2, 130, 84, 1, 134, 130, 90, 255, 255, 130, 91, 0, 0, 130, 92, 0, 3, 130, 93, 0, 0, 130, 120, 0, 110, 130, 122, 0, 176, 130, 128, 1, 250, 130, 154, 3, 172, 130, 159, 1, 74, 42, 55, 52]
[50, 0, 62, 16, 0, 0, 176, 0, 255, 192, 20, 148, 12, 130, 160, 255, 210, 130, 178, 0, 176, 130, 181, 0, 0, 130, 184, 0, 0, 130, 188, 0, 0, 130, 209, 255, 255, 130, 213, 127, 255, 130, 214, 127, 255, 130, 215, 127, 255, 130, 216, 127, 255, 130, 222, 1, 39, 130, 223, 1, 32, 27, 60, 52]
[50, 0, 62, 16, 0, 0, 176, 0, 255, 192, 20, 149, 10, 130, 224, 1, 81, 130, 227, 0, 120, 130, 232, 0, 0, 130, 237, 1, 149, 130, 246, 0, 20, 130, 252, 0, 0, 132, 1, 0, 0, 0, 0, 132, 8, 0, 0, 0, 16, 132, 9, 0, 0, 0, 0, 132, 11, 0, 0, 0, 0, 19, 249, 52]
[50, 0, 42, 16, 0, 0, 176, 0, 255, 192, 20, 150, 5, 130, 6, 0, 203, 132, 12, 0, 0, 0, 0, 132, 23, 0, 0, 0, 3, 132, 26, 0, 1, 0, 0, 132, 31, 255, 255, 255, 255, 81, 152, 52]
[50, 0, 18, 16, 0, 0, 176, 0, 255, 192, 20, 151, 1, 130, 61, 2, 68, 180, 249, 52]
[50, 0, 21, 16, 0, 0, 176, 0, 255, 192, 20, 152, 1, 134, 13, 8, 8, 0, 18, 51, 249, 89, 52]
[50, 0, 18, 16, 0, 0, 176, 0, 255, 192, 20, 153, 1, 130, 36, 0, 174, 211, 174, 52]
[50, 0, 48, 16, 0, 0, 176, 0, 255, 192, 20, 155, 9, 130, 51, 0, 103, 130, 152, 0, 0, 130, 168, 0, 103, 130, 169, 0, 103, 130, 170, 0, 0, 128, 63, 0, 130, 67, 0, 0, 130, 53, 0, 0, 128, 191, 0, 41, 103, 52]
[50, 0, 17, 16, 0, 0, 176, 0, 255, 192, 20, 156, 1, 128, 49, 0, 119, 143, 52]
[50, 0, 61, 16, 0, 0, 176, 0, 255, 192, 20, 158, 13, 130, 63, 0, 200, 128, 141, 0, 128, 1, 1, 130, 72, 0, 2, 130, 73, 0, 255, 128, 3, 2, 132, 4, 4, 128, 2, 2, 130, 68, 0, 0, 130, 71, 0, 255, 128, 97, 255, 128, 98, 0, 128, 117, 255, 128, 94, 1, 53, 79, 52]
[50, 0, 18, 16, 0, 0, 176, 0, 255, 192, 20, 159, 1, 130, 36, 0, 175, 78, 110, 52]
[50, 0, 18, 16, 0, 0, 176, 0, 255, 192, 20, 161, 1, 130, 36, 0, 176, 2, 159, 52]
[50, 0, 48, 16, 0, 0, 176, 0, 255, 192, 20, 163, 9, 130, 51, 0, 103, 130, 152, 0, 0, 130, 168, 0, 103, 130, 169, 0, 103, 130, 170, 0, 0, 128, 63, 0, 130, 67, 0, 0, 130, 53, 0, 0, 128, 191, 0, 191, 153, 52]
[50, 0, 17, 16, 0, 0, 176, 0, 255, 192, 20, 165, 1, 128, 49, 0, 211, 29, 52]
[50, 0, 61, 16, 0, 0, 176, 0, 255, 192, 20, 167, 13, 130, 63, 0, 200, 128, 141, 0, 128, 1, 1, 130, 72, 0, 2, 130, 73, 0, 255, 128, 3, 2, 132, 4, 4, 128, 2, 2, 130, 68, 0, 0, 130, 71, 0, 255, 128, 97, 255, 128, 98, 0, 128, 117, 255, 128, 94, 1, 154, 211, 52]
[50, 0, 22, 16, 0, 0, 176, 0, 255, 192, 20, 169, 2, 130, 36, 0, 178, 130, 37, 1, 92, 111, 194, 52]
[50, 0, 48, 16, 0, 0, 176, 0, 255, 192, 20, 171, 9, 130, 51, 0, 103, 130, 152, 0, 0, 130, 168, 0, 103, 130, 169, 0, 103, 130, 170, 0, 0, 128, 63, 0, 130, 67, 0, 0, 130, 53, 0, 0, 128, 191, 0, 229, 176, 52]
[50, 0, 17, 16, 0, 0, 176, 0, 255, 192, 20, 173, 1, 128, 49, 0, 209, 48, 52]
[50, 0, 61, 16, 0, 0, 176, 0, 255, 192, 20, 175, 13, 130, 63, 0, 200, 128, 141, 0, 128, 1, 1, 130, 72, 0, 2, 130, 73, 0, 255, 128, 3, 2, 132, 4, 4, 128, 2, 2, 130, 68, 0, 0, 130, 71, 0, 255, 128, 97, 255, 128, 98, 0, 128, 117, 255, 128, 94, 1, 33, 86, 52]
[50, 0, 48, 16, 0, 0, 176, 0, 255, 192, 20, 178, 9, 130, 51, 0, 103, 130, 152, 0, 0, 130, 168, 0, 103, 130, 169, 0, 103, 130, 170, 0, 0, 128, 63, 0, 130, 67, 0, 0, 130, 53, 0, 0, 128, 191, 0, 34, 138, 52]
[50, 0, 18, 16, 0, 0, 176, 0, 255, 192, 20, 179, 1, 130, 36, 0, 180, 211, 223, 52]
[50, 0, 17, 16, 0, 0, 176, 0, 255, 192, 20, 181, 1, 128, 49, 0, 215, 71, 52]
[50, 0, 61, 16, 0, 0, 176, 0, 255, 192, 20, 183, 13, 130, 63, 0, 200, 128, 141, 0, 128, 1, 1, 130, 72, 0, 2, 130, 73, 0, 255, 128, 3, 2, 132, 4, 4, 128, 2, 2, 130, 68, 0, 0, 130, 71, 0, 255, 128, 97, 255, 128, 98, 0, 128, 117, 255, 128, 94, 1, 253, 248, 52]
[50, 0, 60, 16, 0, 0, 176, 0, 255, 192, 20, 184, 13, 2, 2, 255, 255, 4, 16, 0, 0, 0, 0, 4, 27, 0, 32, 255, 255, 128, 0, 0, 128, 5, 255, 128, 23, 0, 128, 25, 0, 128, 26, 0, 128, 33, 1, 128, 50, 255, 128, 51, 0, 128, 60, 0, 128, 69, 0, 179, 109, 52]
[50, 0, 62, 16, 0, 0, 176, 0, 255, 192, 20, 185, 16, 128, 99, 1, 128, 102, 0, 128, 119, 0, 128, 120, 0, 128, 121, 0, 128, 122, 0, 128, 123, 0, 128, 124, 0, 128, 125, 0, 128, 126, 0, 128, 127, 255, 128, 131, 0, 128, 142, 255, 128, 169, 0, 128, 175, 0, 128, 177, 0, 246, 215, 52]
[50, 0, 60, 16, 0, 0, 176, 0, 255, 192, 20, 186, 12, 128, 206, 0, 128, 215, 0, 130, 4, 255, 236, 130, 6, 0, 203, 130, 8, 0, 61, 130, 10, 1, 194, 130, 23, 0, 27, 130, 24, 255, 216, 130, 26, 255, 210, 130, 28, 1, 42, 130, 30, 0, 10, 130, 32, 0, 165, 226, 228, 52]
[50, 0, 62, 16, 0, 0, 176, 0, 255, 192, 20, 187, 12, 130, 36, 0, 180, 130, 37, 1, 92, 130, 38, 0, 27, 130, 41, 1, 124, 130, 46, 0, 0, 130, 49, 0, 100, 130, 52]
[50, 0, 62, 16, 0, 0, 176, 0, 255, 192, 20, 188, 12, 130, 68, 0, 0, 130, 69, 0, 255, 130, 72, 0, 2, 130, 84, 1, 134, 130, 90, 255, 255, 130, 91, 0, 0, 130, 92, 0, 3, 130, 93, 0, 0, 130, 120, 0, 110, 130, 122, 0, 180, 130, 128, 2, 0, 130, 154, 3, 172, 48, 177, 52]
[50, 0, 62, 16, 0, 0, 176, 0, 255, 192, 20, 189, 12, 130, 159, 1, 76, 130, 160, 255, 210, 130, 178, 0, 180, 130, 181, 0, 0, 130, 184, 0, 0, 130, 188, 0, 0, 130, 209, 255, 255, 130, 222, 1, 42, 130, 223, 1, 32, 130, 224, 1, 82, 130, 227, 0, 120, 130, 232, 0, 0, 104, 136, 52]
[50, 0, 54, 16, 0, 0, 176, 0, 255, 192, 20, 190, 8, 130, 128, 2, 3, 130, 237, 1, 149, 130, 246, 0, 20, 130, 252, 0, 0, 132, 8, 0, 0, 0, 16, 132, 11, 0, 0, 0, 0, 132, 12, 0, 0, 0, 0, 132, 26, 0, 1, 0, 0, 135, 121, 52]
[50, 0, 18, 16, 0, 0, 176, 0, 255, 192, 20, 192, 1, 130, 36, 0, 183, 104, 192, 52]
[50, 0, 48, 16, 0, 0, 176, 0, 255, 192, 20, 194, 9, 130, 51, 0, 103, 130, 152, 0, 0, 130, 168, 0, 103, 130, 169, 0, 103, 130, 170, 0, 0, 128, 63, 0, 130, 67, 0, 0, 130, 53, 0, 0, 128, 191, 0, 31, 87, 52]
[50, 0, 17, 16, 0, 0, 176, 0, 255, 192, 20, 195, 1, 128, 49, 0, 7, 68, 52]
[50, 0, 61, 16, 0, 0, 176, 0, 255, 192, 20, 198, 13, 130, 63, 0, 200, 128, 141, 0, 128, 1, 1, 130, 72, 0, 2, 130, 73, 0, 255, 128, 3, 2, 132, 4, 4, 128, 2, 2, 130, 68, 0, 0, 130, 71, 0, 255, 128, 97, 255, 128, 98, 0, 128, 117, 255, 128, 94, 1, 101, 108, 52]
[50, 0, 18, 16, 0, 0, 176, 0, 255, 192, 20, 200, 1, 130, 36, 0, 185, 132, 76, 52]
[50, 0, 48, 16, 0, 0, 176, 0, 255, 192, 20, 202, 9, 130, 51, 0, 103, 130, 152, 0, 0, 130, 168, 0, 103, 130, 169, 0, 103, 130, 170, 0, 0, 128, 63, 0, 130, 67, 0, 0, 130, 53, 0, 0, 128, 191, 0, 69, 126, 52]